///////// EXTRASUNNY
//Midnight
 41 30 22 41 31 22 1 1 1 0 0 0 149 67 0 0 0 0 0 0 0 1 1 2750 8 0 0 0 0 0 0 0 0 0 200 0.24 0 0.92 1 0 0 0 0 0 0 1.1 1 1 1.1 1 1 16 150 1 256 0 0 0 1.1 2 0.11 0 41 0.52 0.4 0.22 0.05 0 1 1 1 0 0 1 1 1 2 4 0 1 1 1 1 1 1 1 0 0 0 0 0 0 0 0 90 90 1 1 1 1 1 1 1 0.1 0.1 0.1 1 0 0 0 0 0 0 0 0 0 0 0 0 0 0 0 0 1 1 1 0.85 1 1 1 1 1 1 2
//5AM
 55 41 30 41 31 22 1 1 1 0 0 0 149 67 0 0 0 0 0 0 0 1 1 2750 8 0 0 0 0 0 0 0 0 0 200 0.24 0 0.93 1 0 0 0 0 0 0 1.1 1 1 1.1 1 1 16 150 1 256 0 0 0 2.3 2 0.13 0 41 0.52 0.05 0.22 0.39 0 1 1 1 0 0 0 0 0 2 4 0 1 1 0 0 0 0 0 0 0 0 0 0 0 0 0 90 90 0 0 0 0 0 0 1 0.1 0.1 0.1 1 0 0 0 0 0 0 0 0 0 0 0 0 0 0 0 0 1 1 1 0.85 1 1 1 1 1 1 2
//6AM
 100 124 166 139 80 20 149 85 21 0 0 0 0 53 213 0 0 0 0 0 0 1 1 2750 8 0 0 0 0 0 0 0 0 0 165 0.24 0 0.855 1 0 0 0 0 0 0 1.19 1 1 1.19 1 1 16 150 1.4 256 0.1 0 2.02 3.75 2 2.1 16 36 0.5 0.42 0.63 0.87 1 1 1 1 1 1 0 0 0 1 0 0 1 1 1 1 1 1 1 1 0 0 0 0 0 10 0 90 90 0 0.8 1 1 1 1 0 1.2 1 0.7 0 0 0 0 0 0 0 0 0 0 0 0 1 0 0 0 0 1 1 1 0.6 1 1 1 0.8 2 1 2
//7AM
 119 142 179 255 217 128 255 207 149 0 0 0 63 31 10 0 0 0 0 0 0 1 1 2750 8 0 0 0 0 0 0 0 0 0 163 0.24 0 0.88 1 0 0 0 0 0 0 1.22 1 1 1.22 1 1 16 150 1.4 256 0.1 0 10 5 6 8 100 36 0.5 0.43 0.63 0.86 0.875 0.925 0.45 0.875 0.925 0.45 0 0 0 1 1.7 1.1 1 0 0 0 0 0 0 1.1 0.2 0.6 0.7 8 0.7 0.5 1 90 90 0.12 0.89 1.27 1 1 1 0 1 0.9 0.55 0 0 0 0 0 0 0 0 0 0 0 0 1 0 0 0 0 1 1 1 0.6 1 1 1 0.8 2 1 2
//9AM
 140 159 189 255 205 149 255 217 170 0 0 0 10 24 63 0 0 0 0 0 0 1 1 2750 8 0 0 0 0 0 0 0 0 0 161 0.25 0 0.89 1 0 0 0 0 0 0 1.21 1 1 1.21 1 1 16 150 1.4 256 0.1 0 12 7 7 9 100 36 0.5 0.4 0.64 0.89 0.8 0.92 0.75 0.8 0.92 0.75 0 0 0 1 1.9 0.35 1 0 0 0 0 0 0 1.1 0.2 0.6 0.7 8 0.7 0.5 1 90 90 0.12 0.89 1.27 1 1 1 0 0.85 0.75 0.65 0 0 0 0 0 0 0 0 0 0 0 0 1 0 0 0 0 1 1 1 0.6 1 1 1 0.8 2 1 2
//Midday
 148 166 192 255 220 181 255 232 204 0 0 0 58 88 175 0 0 0 0 0 0 1 1 2750 8 0 0 0 0 0 0 0 0 0 160 0.25 0 0.9 1 0 0 0 0 0 0 1.2 1 1 1.2 1 1 16 150 1.4 256 0.1 0 12.5 8 8 10 100 36 0.5 0.4 0.63 0.89 0.85 0.9 0.8 0.85 0.9 0.8 0 0 0 1 2 0.15 1 0 0 0 0 0 0 1.1 0.2 0.6 0.7 8 0.7 0.5 1 90 90 0.12 0.89 1.27 1 1 1 0 0.85 0.75 0.65 0 0 0 0 0 0 0 0 0 0 0 0 1 0 0 0 0 1 1 1 0.6 1 1 1 0.8 2 1 2
//6PM
 129 149 180 255 186 117 255 197 138 0 0 0 23 31 49 0 0 0 0 0 0 1 1 2750 8 0 0 0 0 0 0 0 0 0 162 0.24 0 0.87 1 0 0 0 0 0 0 1.23 1 1 1.23 1 1 16 150 1.4 256 0.1 0 11 6 5 7.5 100 36 0.4 0.42 0.63 0.87 0.85 0.93 0.5 0.85 0.93 0.5 0 0 0 1 1.8 0.8 1 0 0 0 0 0 0 1.1 0.2 0.6 0.7 8 0.7 0.5 1 90 90 0.12 0.89 1.27 1 1 1 0 0.9 0.8 0.6 0 0 0 0 0 0 0 0 0 0 0 0 1 0 0 0 0 1 1 1 0.6 1 1 1 0.8 2 1 2
//7PM
 103 125 163 170 77 0 255 177 106 0 0 0 49 30 23 0 0 0 0 0 0 1 1 2750 8 0 0 0 0 0 0 0 0 0 164 0.24 0 0.86 1 0 0 0 0 0 0 1.24 1 1 1.24 1 1 16 150 1.4 256 0.1 0 9 4 4 6 100 36 0.4 0.44 0.63 0.85 0.9 0.94 0.4 0.9 0.94 0.4 0 0 0 1 1.6 1.4 1 0 0 0 0 0 0 1.1 0.2 0.6 0.7 8 0.7 0.5 1 90 90 0.12 0.89 1.27 1 1 1 0 1 0.9 0.4 0 0 0 0 0 0 0 0 0 0 0 0 1 0 0 0 0 1 1 1 0.6 1 1 1 0.8 2 1 2
//8PM
 84 113 160 131 71 18 139 77 20 0 0 0 4 50 187 0 0 0 0 0 0 1 1 2750 8 0 0 0 0 0 0 0 0 0 166 0.24 0 0.85 1 0 0 0 0 0 0 1.18 1 1 1.18 1 1 16 150 1.4 256 0.1 0 1.92 3.25 1.9 1.6 16 36 0.5 0.43 0.63 0.86 1 1 1 1 1 1 0 0 0 1 0 0 1 1 0 0 0 0 0 1 0 0 0 0 0 1 1 90 90 0 0.8 0 1 1 1 0 1.25 1 0.7 1 0 0 0 0 0 0 0 0 0 0 0 1 0 0 0 0 1 1 1 1 1 1 1 0.8 1 1 2
//9PM
 58 83 122 121 64 17 0 0 0 0 0 0 7 47 163 0 0 0 0 0 0 1 1 2750 8 0 0 0 0 0 0 0 0 0 167 0.24 0 0.84 1 0 0 0 0 0 0 1.17 1 1 1.17 1 1 16 150 1.4 256 0.1 0 1 2.25 1.8 1.1 16 36 0.5 0.41 0.63 0.88 1 1 1 1 1 1 0 0 0 1 0 0 1 0 0 0 0 0 0 1 1 1 1 0 0 10 1 90 90 0 0 0 1 1 1 0 1.3 1 0.6 0 0 0 0 0 0 0 0 0 0 0 0 1 0 0 0 0 1 1 1 1 1 1 1 0.8 2 1 2
//10PM
 49 36 26 41 31 22 1 1 1 0 0 0 149 67 0 0 0 0 0 0 0 1 1 2750 8 0 0 0 0 0 0 0 0 0 200 0.24 0 0.925 1 0 0 0 0 0 0 1.1 1 1 1.1 1 1 16 150 1 256 0 0 0 1.2 2 0.12 0 41 0.52 0.46 0.28 0.1 0 1 1 1 0 0 1 1 1 2 4 0 1 1 1 1 1 1 1 0 0 0 0 0 0 0 0 90 90 1 1 1 1 1 1 1 0.1 0.1 0.1 1 0 0 0 0 0 0 0 0 0 0 0 0 0 0 0 0 1 1 1 0.85 1 1 1 1 1 1 2

///////// SUNNY
//Midnight
 29 31 35 30 31 34 1 1 1 0 0 0 0 56 149 0 0 0 0 0 0 1 1 2750 9 0 0 0 0 0 0 0 0 0 205 0.24 0 0.93 1 0 0 0 0 0 0 1.05 1 1 1.05 1 1 16 150 1 256 0 0 0 1.12 2 0.13 0 39 0.52 0.05 0.22 0.4 0 1 1 1 0 0 1 1 1 2 4 0 1 1 1 1 1 1 1 0 0 0 0 0 0 0 0 0 0 1 1 1 1 1 1 1 0.1 0.1 0.1 1 12 0 0 0 0 0 0 0 0 0 0 0 0 0 0 0 1 1 1 0.85 1 1 1 1 1 1 2
//5AM
 39 41 46 30 31 34 1 1 1 0 0 0 0 56 149 0 0 0 0 0 0 1 1 2750 9 0 0 0 0 0 0 0 0 0 205 0.24 0 0.94 1 0 0 0 0 0 0 1.05 1 1 1.05 1 1 16 150 1 256 0 0 0 2.32 2 0.15 0 39 0.52 0.05 0.22 0.4 0 1 1 1 0 0 1 1 1 2 4 0 1 1 1 1 1 1 1 1 0 0 0 0 0 0 0 0 0 1 1 1 1 1 1 1 0.1 0.1 0.1 1 12 0 0 0 0 0 0 0 0 0 0 0 0 0 0 0 1 1 1 0.85 1 1 1 1 1 1 2
//6AM
 105 129 160 129 74 20 137 80 22 0 0 0 4 55 208 0 0 0 0 0 0 1 1 2750 9 0 0 0 0 0 0 0 0 0 170 0.24 0 0.865 0 0 0 0 0 0 0 1.18 1 1 1.18 1 1 16 150 1.4 256 0.1 0 2.01 3.65 1.9 2 16 34 0.5 0.43 0.62 0.87 1 1 1 1 1 1 0.1 0.1 0.1 1 0 0 1 0 0.1 0.1 0.1 0.65 0.74 0.15 0.14 0.7 0.5 1 0.67 0.69 1 0 0.8 0.7 1.25 1.26 1 1 1 0 1.19 1 0.1 0 12 0 0 0 0 0 0 0 0 0 0 0.1 0 0 0 0 1 1 1 0.6 1 1 1 0.8 2 1 2
//7AM
 129 150 180 255 226 138 255 215 159 0 0 0 10 27 63 0 0 0 0 0 0 1 1 2750 9 0 0 0 0 0 0 0 0 0 168 0.24 0 0.89 1 0 0 0 0 0 0 1.21 1 1 1.21 1 1 16 150 1.4 256 0.1 0 10 5 6 8 100 34 0.5 0.44 0.62 0.86 0.875 0.9 0.475 0.875 0.9 0.475 0.1 0.1 0.1 1 1.6 1.15 1 0 0.15 0.15 0.15 0.75 1 0.41 0.14 0.7 1 1 0 0.2 1 0 0.82 0.12 1.25 1.26 1 1 1 0 1 0.9 0.6 0 12 0 0 0 0 0 0 0 0 0 0 1 0 0 0 0 1 1 1 0.6 1 1 1 0.8 2 1 2
//9AM
 149 167 191 159 203 255 255 223 181 0 0 0 10 24 63 0 0 0 0 0 0 1 1 2750 9 0 0 0 0 0 0 0 0 0 166 0.25 0 0.9 1 0 0 0 0 0 0 1.2 1 1 1.2 1 1 16 150 1.4 256 0.1 0 12 7 7 9 100 34 0.5 0.41 0.63 0.89 0.8 0.9 0.77 0.8 0.9 0.77 0.1 0.1 0.1 1 1.8 0.4 1 0 0.45 0.45 0.45 0.75 1 0.43 0.14 0.7 0.7 1 0 0.5 1 0 0.84 0.13 1.25 1.25 1 1 1 0 0.9 0.8 0.7 1 12 0 0 0 0 0 0 0 0 0 0 1 0 0 0 0 1 1 1 0.6 1 1 1 0.8 2 1 2
//Midday
 156 172 194 191 217 255 255 238 215 0 0 0 63 90 171 0 0 0 0 0 0 1 1 2750 9 0 0 0 0 0 0 0 0 0 165 0.25 0 0.91 1 0 0 0 0 0 0 1.19 1 1 1.19 1 1 16 150 1.4 256 0.1 0 12.5 8 8 10 100 34 0.5 0.41 0.62 0.89 0.85 0.89 0.81 0.85 0.89 0.81 0.1 0.1 0.1 1 1.9 0.2 1 0 0.5 0.5 0.5 0.75 1 0.46 0.14 0.7 0.5 1 0 0.6 1 0 0.89 0.12 1.25 1.27 1 1 1 0 0.9 0.8 0.7 1 12 0 0 0 0 0 0 0 0 0 0 1 0 0 0 0 1 1 1 0.6 1 1 1 0.8 2 1 2
//6PM
 138 156 181 128 182 255 255 205 149 0 0 0 23 31 49 0 0 0 0 0 0 1 1 2750 9 0 0 0 0 0 0 0 0 0 167 0.24 0 0.88 0 0 0 0 0 0 0 1.22 1 1 1.22 1 1 16 150 1.4 256 0.1 0 11 6 5 7.5 100 34 0.5 0.43 0.62 0.87 0.85 0.9 0.53 0.85 0.9 0.53 0.1 0.1 0.1 1 1.7 0.85 1 0 0.4 0.4 0.4 0.75 1 0.35 0.14 0.7 1 1 0 0.2 1 0 0.81 0.12 1.25 1.26 1 1 1 0 1 0.9 0.7 0 12 0 0 0 0 0 0 0 0 0 0 1 0 0 0 0 1 1 1 0.6 1 1 1 0.8 2 1 2
//7PM
 113 134 164 191 96 0 255 186 117 0 0 0 23 32 49 0 0 0 0 0 0 1 1 2750 9 0 0 0 0 0 0 0 0 0 169 0.24 0 0.87 1 0 0 0 0 0 0 1.23 1 1 1.23 1 1 16 150 1.4 256 0.1 0 9 4 4 6 100 34 0.5 0.45 0.62 0.85 0.9 0.9 0.44 0.9 0.9 0.44 0.1 0.1 0.1 1 1.5 1.45 1 0 0.15 0.15 0.15 0.65 1 0.3 0.14 0.7 1 1 0 0.2 1 0 0.79 0.12 1.25 1.26 1 1 1 0 1 0.9 0.45 0 12 0 0 0 0 0 0 0 0 0 0 1 0 0 0 0 1 1 1 0.6 1 1 1 0.8 2 1 2
//8PM
 89 117 155 119 67 19 129 71 20 0 0 0 7 52 184 0 0 0 0 0 0 1 1 2750 9 0 0 0 0 0 0 0 0 0 171 0.24 0 0.86 0 0 0 0 0 0 0 1.17 1 1 1.17 1 1 16 150 1.4 256 0.1 0 1.91 3.15 1.8 1.5 16 34 0.5 0.44 0.62 0.86 1 1 1 1 1 1 0.1 0.1 0.1 1 0 0 1 0 0.1 0.1 0.1 0.55 1 0.3 0.14 0.7 1 1 0 0.2 1 0 0.78 1 1.25 1.26 1 1 1 0 1.24 1 0.1 1 12 0 0 0 0 0 0 0 0 0 0 1 0 0 0 0 1 1 1 1 1 1 1 0.8 1 1 2
//9PM
 62 87 119 111 60 17 0 0 5 0 0 0 11 48 159 0 0 0 0 0 0 1 1 2750 9 0 0 0 0 0 0 0 0 0 172 0.24 0 0.85 1 0 0 0 0 0 0 1.16 1 1 1.16 1 1 16 150 1.4 256 0.1 0 1 2.15 1.7 1 16 34 0.5 0.42 0.62 0.88 1 1 1 1 1 1 0.1 0.1 0.1 1 0 0 1 0 0.3 0.3 0.3 0.75 1 0.3 0.14 0.7 1 1 0 0.2 1 0 0.76 1 1.25 1.26 1 1 1 0 1.29 1 0.1 1 12 0 0 0 0 0 0 0 0 0 0 1 0 0 0 0 1 1 1 1 1 1 1 0.8 2 1 2
//10PM
 34 36 40 30 31 34 1 1 1 0 0 0 0 56 149 0 0 0 0 0 0 1 1 2750 9 0 0 0 0 0 0 0 0 0 205 0.24 0 0.935 1 0 0 0 0 0 0 1.05 1 1 1.05 1 1 16 150 1 256 0 0 0 1.22 2 0.14 0 39 0.52 0.05 0.22 0.4 0 1 1 1 0 0 1 1 1 2 4 0 1 1 1 1 1 1 1 0.2 0 0 0 0 0 0 0 0 0 1 1 1 1 1 1 1 0.1 0.1 0.1 1 12 0 0 0 0 0 0 0 0 0 0 0 0 0 0 0 1 1 1 0.85 1 1 1 1 1 1 2

///////// SUNNY_WINDY
//Midnight
 49 32 15 49 32 15 1 1 1 0 0 0 149 74 0 0 0 0 0 0 0 1 1 2750 10 0 0 0 0 0 0 0 0 0 210 0.24 0 0.925 1 0 0 0 0 0 0 1.075 1 0.99 1.075 1 1 16 150 1 256 0 0 0 1.11 2 0.12 0 40 0.52 0.42 0.21 0.04 0 1 1 1 0 0 1 1 1 2 4 0 1 1 1 1 1 1 1 0 0 0 0 0 0 0 0 0 0 1 1 1 1 1 1 1 0.1 0.1 0.1 1 15 0 0 0 0 0 0 0 0 0 0 0 0 0 0 0 1 1 1 0.85 1 1 1 1 1 1 2
//5AM
 65 43 20 49 32 15 1 1 1 0 0 0 149 74 0 0 0 0 0 0 0 1 1 2750 10 0 0 0 0 0 0 0 0 0 210 0.24 0 0.935 1 0 0 0 0 0 0 1.075 1 1 1.075 1 1 16 150 1 256 0 0 0 2.31 2 0.14 0 40 0.52 0.05 0.22 0.38 0 1 1 1 0 0 1 1 1 2 4 0 1 1 1 1 1 1 1 1 0 0 0 0 0 0 0 0 0 1 1 1 1 1 1 1 0.1 0.1 0.1 1 15 0 0 0 0 0 0 0 0 0 0 0 0 0 0 0 1 1 1 0.85 1 1 1 1 1 1 2
//6AM
 103 128 152 118 69 20 126 74 22 0 0 0 9 57 204 0 0 0 0 0 0 1 1 2750 10 0 0 0 0 0 0 0 0 0 175 0.24 0 0.845 0 0 0 0 0 0 0 1.17 1 0.925 1.17 1 1 16 150 1.4 256 0.1 0 2 3.55 1.8 1.9 14 35 0.5 0.44 0.63 0.85 1 1 1 1 1 1 0.1 0.1 0.1 1 0 0 1 0 0.1 0.1 0.1 0.65 0.74 0.15 0.14 0.7 0.5 1 0.67 0.69 1 0 0.36 0.7 1.25 1.26 1 1 1 0 1.18 1 0.1 0 15 0 0 0 0 0 0 0 0 0 0 0.1 0 0 0 0 1 1 1 0.6 1 1 1 0.8 2 1 2
//7AM
 116 143 171 205 167 135 238 199 134 0 0 0 10 39 63 0 0 0 0 0 0 1 1 2750 10 0 0 0 0 0 0 0 0 0 173 0.24 0 0.87 1 0 0 0 0 0 0 1.2 1 0.95 1.2 1 1 16 150 1.4 256 0.1 0 7 5 5 8 90 35 0.5 0.5 0.68 0.89 0.9 0.9 0.45 0.9 0.9 0.45 0.1 0.1 0.1 1 1.5 1.2 1 0 0.15 0.15 0.15 0.75 1 0.41 0.14 0.7 1 1 0 0.2 1 0 0.38 0.12 1.25 1.26 1 1 1 0 1 0.9 0.6 1 15 0 0 0 0 0 0 0 0 0 0 1 0 0 0 0 1 1 1 0.6 1 1 1 0.8 2 1 2
//9AM
 137 159 182 180 180 180 240 205 153 0 0 0 10 24 63 0 0 0 0 0 0 1 1 2750 10 0 0 0 0 0 0 0 0 0 171 0.25 0 0.88 1 0 0 0 0 0 0 1.9 1 0.96 1.19 1 1 16 150 1.4 256 0.1 0 9 7 6 9 90 35 0.5 0.47 0.69 0.92 0.82 0.9 0.75 0.82 0.9 0.75 0.1 0.1 0.1 1 1.7 0.45 1 0 0.45 0.45 0.45 0.75 1 0.43 0.14 0.7 0.7 1 0 0.5 1 0 0.4 0.13 1.25 1.25 1 1 1 0 0.9 0.8 0.7 1 15 0 0 0 0 0 0 0 0 0 0 1 0 0 0 0 1 1 1 0.6 1 1 1 0.8 2 1 2
//Midday
 145 165 185 196 196 196 244 220 183 0 0 0 68 92 166 0 0 0 0 0 0 1 1 2750 10 0 0 0 0 0 0 0 0 0 170 0.25 0 0.89 1 0 0 0 0 0 0 1.18 1 0.97 1.18 1 1 16 150 1.4 256 0.1 0 9.5 8 7 10 90 35 0.5 0.47 0.68 0.92 0.86 0.89 0.8 0.86 0.89 0.8 0.1 0.1 0.1 1 1.8 0.25 1 0 0.5 0.5 0.5 0.75 1 0.46 0.14 0.7 0.5 1 0 0.6 1 0 0.45 0.12 1.25 1.27 1 1 1 0 0.9 0.8 0.7 1 15 0 0 0 0 0 0 0 0 0 0 1 0 0 0 0 1 1 1 0.6 1 1 1 0.8 2 1 2
//6PM
 126 149 171 164 164 164 236 186 125 0 0 0 23 31 49 0 0 0 0 0 0 1 1 2750 10 0 0 0 0 0 0 0 0 0 172 0.24 0 0.86 0 0 0 0 0 0 0 1.21 1 0.94 1.21 1 1 16 150 1.4 256 0.1 0 8 6 4 7.5 90 35 0.5 0.49 0.68 0.9 0.88 0.9 0.5 0.88 0.9 0.5 0.1 0.1 0.1 1 1.6 0.9 1 0 0.4 0.4 0.4 0.75 1 0.35 0.14 0.7 1 1 0 0.2 1 0 0.37 0.12 1.25 1.26 1 1 1 0 1 0.9 0.7 0 15 0 0 0 0 0 0 0 0 0 0 1 0 0 0 0 1 1 1 0.6 1 1 1 0.8 2 1 2
//7PM
 101 128 154 151 98 62 235 168 95 0 0 0 23 38 49 0 0 0 0 0 0 1 1 2750 10 0 0 0 0 0 0 0 0 0 174 0.24 0 0.85 1 0 0 0 0 0 0 1.22 1 0.93 1.22 1 1 16 150 1.4 256 0.1 0 6 4 3 6 90 35 0.5 0.51 0.68 0.88 0.94 0.9 0.4 0.94 0.9 0.4 0.1 0.1 0.1 1 1.4 1.5 1 0 0.15 0.15 0.15 0.65 1 0.3 0.14 0.7 1 1 0 0.2 1 0 0.35 0.12 1.25 1.26 1 1 1 0 1 0.9 0.45 0 15 0 0 0 0 0 0 0 0 0 0 1 0 0 0 0 1 1 1 0.6 1 1 1 0.8 2 1 2
//8PM
 90 117 143 109 62 18 118 67 20 0 0 0 12 54 180 0 0 0 0 0 0 1 1 2750 10 0 0 0 0 0 0 0 0 0 176 0.24 0 0.84 0 0 0 0 0 0 0 1.16 1 0.92 1.16 1 1 16 150 1.4 256 0.1 0 1.9 3.05 1.7 1.4 14 35 0.5 0.45 0.63 0.84 1 1 1 1 1 1 0.1 0.1 0.1 1 0 0 1 0 0.1 0.1 0.1 0.55 1 0.3 0.14 0.7 1 1 0 0.2 1 0 0.34 1 1.25 1.26 1 1 1 0 1.23 1 0.1 1 15 0 0 0 0 0 0 0 0 0 0 1 0 0 0 0 1 1 1 1 1 1 1 0.8 1 1 2
//9PM
 62 85 108 100 54 17 0 0 5 0 0 0 14 50 156 0 0 0 0 0 0 1 1 2750 10 0 0 0 0 0 0 0 0 0 177 0.24 0 0.83 1 0 0 0 0 0 0 1.15 1 0.91 1.15 1 1 16 150 1.4 256 0.1 0 1 2.05 1.6 0.9 14 35 0.5 0.43 0.63 0.86 1 1 1 1 1 1 0.1 0.1 0.1 1 0 0 1 0 0.3 0.3 0.3 0.75 1 0.3 0.14 0.7 1 90 0 0.2 1 0 0.33 1 1.25 1.26 1 1 1 0 1.28 1 0.1 1 15 0 0 0 0 0 0 0 0 0 0 1 0 0 0 0 1 1 1 1 1 1 1 0.8 2 1 2
//10PM
 57 37 17 49 32 15 1 1 1 0 0 0 149 74 0 0 0 0 0 0 0 1 1 2750 10 0 0 0 0 0 0 0 0 0 210 0.24 0 0.93 1 0 0 0 0 0 0 1.075 1 0.995 1.075 1 1 16 150 1 256 0 0 0 1.21 2 0.13 0 40 0.52 0.42 0.21 0.04 0 1 1 1 0 0 1 1 1 2 4 0 1 1 1 1 1 1 1 0.2 0 0 0 0 0 0 0 0 0 1 1 1 1 1 1 1 0.1 0.1 0.1 1 15 0 0 0 0 0 0 0 0 0 0 0 0 0 0 0 1 1 1 0.85 1 1 1 1 1 1 2

///////// CLOUDY
//Midnight
 31 31 31 31 31 31 1 1 1 0 0 0 170 94 0 0 0 0 0 0 0 1 1 2750 5 0 0 0 0 0 0 0 0 0 220 0.24 0 0.91 1 0 0 0 0 0 0 0.95 1 0.97 0.9 1 1 16 150 1 256 0 0 0 1 2 0.16 0 44 0.55 0.41 0.22 0.03 0 1 1 1 0 0 1 1 1 2 4 0 1 1 1 1 1 2 2 1 0 0 0 0 0 0 0 0 0 1 1 1 1 1 1 1 0.1 0.1 0.1 1 16 0 0 0 0 0 0 0 0 0 0 0 0 0 0 0 1 1 1.1 0.85 1 1 1 1 1 1 2
//5AM
 42 42 42 31 31 31 1 1 1 0 0 0 170 94 0 0 0 0 0 0 0 1 1 2750 5 0 0 0 0 0 0 0 0 0 220 0.24 0 0.92 1 0 0 0 0 0 0 0.95 1 0.98 0.9 1 1 16 150 1 256 0 0 0 2.2 2 0.18 0 44 0.55 0.41 0.22 0.03 0 1 1 1 0 0 1 1 1 2 4 0 1 1 1 1 1 2 2 1 0 0 0 0 0 0 0 0 0 1 1 1 1 1 1 1 0.1 0.1 0.1 1 16 0 0 0 0 0 0 0 0 0 0 0 0 0 0 0 1 1 1.1 0.85 1 1 1 1 1 1 2
//6AM
 138 129 117 116 116 116 0 0 0 0 0 0 127 127 127 0 0 0 0 0 0 1 1 2750 5 0 0 0 0 0 0 10 12 12 185 0.23 0 0.655 1 0 0 0 0 0 0 1.3 1.5 0.915 1 1.5 1 16 150 1.4 256 0.1 0 1 3.75 1.7 1.2 12 39 0.6 0.8 0.8 0.8 1 1 1 1 1 1 0.1 0.1 0.1 1 0 0 1 0 0.3 0.2 0.1 0 1 0 0.14 0.7 1 0 0 0.51 1 0 0 0.7 0.86 1.26 1 1 1 0 0.7 0.6 0.55 0 16 0 0 0 0 0 0 0 0 0 0 0.0075 0 0 0 0 1 1 1.1 0.6 1 1 1 0.85 2 1 2
//7AM
 159 150 138 138 138 138 0 0 0 0 0 0 127 127 127 0 0 0 0 0 0 1 1 2750 5 0 0 0 0 0 0 10 12 12 183 0.23 0 0.68 1 0 0 0 0 0 0 1.3 1.5 0.94 1 1.5 1 16 150 1.4 256 0.1 0 1 6 6 4 14 39 0.55 1 1 1 0.5 0.6 0.5 0.55 0.6 0.5 0.1 0.1 0.1 1 1 0.4 1 0 0.4 0.3 0.2 0.2 0.65 0.28 0.14 0.7 1 5 0.55 0.51 1 0 0 0.12 0.89 1.26 1 1 1 0 0.68 0.6 0.55 1 16 0 0 0 0 0 0 0 0 0 0 0.0075 0 0 0 0 1 1 1.1 0.6 1 1 1 0.85 2 1 2
//9AM
 151 154 157 143 143 143 0 0 0 0 0 0 127 127 127 0 0 0 0 0 0 1 1 2750 5 0 0 0 0 0 0 10 12 12 181 0.23 0 0.69 1 0 0 0 0 0 0 1.3 1.5 0.95 1 1.5 1 16 150 1.4 256 0.1 0 1 6.5 6.5 4.5 14 39 0.425 1.15 1.25 1.35 0.5 0.6 0.5 0.55 0.65 0.5 0.1 0.1 0.1 1 0 0.1 1 0 0.45 0.45 0.45 0 0.8 1 0.14 0.7 1 9 0.05 0.51 1 0 0 0.7 0.89 1.26 1 1 1 0 0.66 0.6 0.55 0 16 0 0 0 0 0 0 0 0 0 0 0 0 0 0 0 1 1 1.1 0.6 1 1.25 1 0.85 2 1 2
//Midday
 157 160 162 148 148 148 0 0 0 0 0 0 127 127 127 0 0 0 0 0 0 1 1 2750 5 0 0 0 0 0 0 10 12 12 180 0.23 0 0.7 1 0 0 0 0 0 0 1.3 1.5 0.96 1 1.5 1 16 150 1.4 256 0.1 0 1 8 8 5 14 39 0.4 1.4 1.5 1.6 0.5 0.6 0.5 0.5 0.65 0.5 0.1 0.1 0.1 1 0 0.1 1 0 0.5 0.5 0.5 0.9 1 1 0.14 0.7 1 8.51 0.61 1.13 1 0.2 0 0.33 0.67 0.57 1 1 1 0 0.65 0.6 0.55 0 16 0 0 0 0 0 0 0 0 0 0 0 0 0 0 0 1 1 1.1 0.6 1 1.25 1 0.85 2 1 2
//6PM
 139 145 148 132 132 132 0 0 0 0 0 0 127 127 127 0 0 0 0 0 0 1 1 2750 5 0 0 0 0 0 0 10 12 12 182 0.23 0 0.67 1 0 0 0 0 0 0 1.3 1.5 0.93 1 1.5 1 16 150 1.4 256 0.1 0 1 4.5 4.5 4 14 39 0.45 0.9 0.9 0.9 0.5 0.6 0.5 0.55 0.65 0.5 0.1 0.1 0.1 1 0 0.3 1 0 0.4 0.4 0.4 0 2 1 0.14 0.7 1 9 0.05 0.51 1 0 0 0.7 0.89 1.26 1 1 1 0 0.67 0.6 0.55 0 16 0 0 0 0 0 0 0 0 0 0 0 0 0 0 0 1 1 1.1 0.6 1 1.25 1 0.85 2 1 2
//7PM
 146 134 120 122 122 122 0 0 0 0 0 0 127 127 127 0 0 0 0 0 0 1 1 2750 5 0 0 0 0 0 0 10 12 12 184 0.23 0 0.66 1 0 0 0 0 0 0 1.3 1.5 0.92 1 1.5 1 16 150 1.4 256 0.1 0 1 4 4 3 14 39 0.55 0.8 0.8 0.8 0.5 0.6 0.5 0.58 0.6 0.5 0.1 0.1 0.1 1 1 0.5 1 0 0.4 0.3 0.2 0.2 0.65 0.28 0.14 0.7 1 5 0.55 0.51 1 0 0 0.12 0.89 1.26 1 1 1 0 0.69 0.6 0.55 1 16 0 0 0 0 0 0 0 0 0 0 0.0075 0 0 0 0 1 1 1.1 0.6 1 1 1 0.85 2 1 2
//8PM
 133 123 112 111 111 111 0 0 0 0 0 0 127 127 127 0 0 0 0 0 0 1 1 2750 5 0 0 0 0 0 0 10 12 12 186 0.23 0 0.65 1 0 0 0 0 0 0 1.3 1.5 0.91 1 1.5 1 16 150 1.4 256 0.1 0 1 3.5 1.6 1 12 39 0.6 0.75 0.75 0.75 1 1 1 1 1 1 0.1 0.1 0.1 1 0 0 1 0 0.3 0.2 0.1 0 1 0 0.14 0.7 1 0 0 0.51 1 0 0 0.7 0.86 1.26 1 1 1 0 0.7 0.6 0.55 0 16 0 0 0 0 0 0 0 0 0 0 0.0075 0 0 0 0 1 1 1.1 0.6 1 1 1 0.85 2 1 2
//9PM
 121 113 102 100 100 100 0 0 0 0 0 0 127 127 127 0 0 0 0 0 0 1 1 2750 5 0 0 0 0 0 0 10 12 12 220 0.23 0 0.64 1 0 0 0 0 0 0 1.3 1.5 0.9 1 1.5 1 16 150 1.4 256 0.1 0 1 2.5 1.5 0.8 12 39 0.65 0.7 0.7 0.7 1 1 1 1 1 1 0.1 0.1 0.1 1 0 0 1 0 0.4 0.3 0.2 0 1 0 0.14 0.7 1 0 0 0.51 1 0 0 0.7 0.86 1.26 1 1 1 0 0.71 0.6 0.1 0 16 0 0 0 0 0 0 0 0 0 0 0.0075 0 0 0 0 1 1 1.1 0.6 1 1 1 0.85 2 1 2
//10PM
 37 37 37 31 31 31 1 1 1 0 0 0 170 94 0 0 0 0 0 0 0 1 1 2750 5 0 0 0 0 0 0 0 0 0 220 0.24 0 0.915 1 0 0 0 0 0 0 0.95 1 0.975 0.9 1 1 16 150 1 256 0 0 0 1.1 2 0.17 0 44 0.55 0.41 0.22 0.03 0 1 1 1 0 0 1 1 1 2 4 0 1 1 1 1 1 2 2 1 0 0 0 0 0 0 0 0 0 1 1 1 1 1 1 1 0.1 0.1 0.1 1 16 0 0 0 0 0 0 0 0 0 0 0 0 0 0 0 1 1 1.1 0.85 1 1 1 1 1 1 2

///////// RAIN
//Midnight
 28 30 36 28 30 36 1 1 1 0 0 0 0 53 213 0 0 0 0 0 0 1 1 2750 1 0 0 0 0 0 0 0 0 0 235 0.24 0 0.89 1 0 0 0 0 0 0 1 1 0.98 0.95 1 1 16 150 1 256 0 0 0 2 2 0.06 0 43 0.94 0.05 0.22 0.42 0 1 1 1 0 1 1 1 1 2 4 0 1 1 1 1 1 1 1 0 0 0 0 0 0 0 0 0 0 1 1 1 1 1 1 1 0.1 0.1 0.1 1 18 0 0 0 0 0 0 0 0 0 0 0 0 0 0 0 1 1 1.4 0.95 1.35 1 1 1.5 1.15 1 2
//5AM
 28 30 36 28 30 36 1 1 1 0 0 0 0 53 213 0 0 0 0 0 0 1 1 2750 1 0 0 0 0 0 0 0 0 0 235 0.24 0 0.9 1 0 0 0 0 0 0 1 1 0.99 0.95 1 1 16 150 1 256 0 0 0 2.2 2 0.06 0 43 0.94 0.05 0.22 0.42 0 1 1 1 0 0 1 1 1 2 4 0 1 1 1 1 1 1 1 0 0 0 0 0 0 0 0 0 0 1 1 1 1 1 1 1 0.1 0.1 0.1 1 18 0 0 0 0 0 0 0 0 0 0 0 0 0 0 0 1 1 1.4 0.95 1.35 1 1 1.5 1.15 1 2
//6AM
 101 105 109 94 96 98 0 0 0 0 0 213 202 223 255 0 0 0 0 0 0 1 1 2750 305 0 0 0 0 0 0 10 11 12 200 0.24 0 0.665 1 0 0 0 0 0 0 1.1 1.4 0.895 0.95 1.4 1 16 150 1.4 256 0.1 0 1 3.55 1.5 1 6 38 0.54 0.7 0.8 0.9 1 1 1 1 1 1 0.1 0.1 0.1 1 0 0 1 0 0.1 0.2 0.3 0.8 0.74 0 0.14 0.7 0.5 5 0.67 0.69 1 30 30 0.7 1 1.26 1 1 1 0 0.45 0.45 0.45 0 18 0 0 0 0 0 0 0 0 0 0 0 0 0 0 0 1 1 1.4 0.6 1.1 1 1 1 2 1 2
//7AM
 112 128 143 105 114 129 0 0 0 0 0 213 202 223 255 0 0 0 0 0 0 1 1 2750 325 0 0 0 0 0 0 10 11 12 198 0.24 0 0.69 1 0 0 0 0 0 0 1.1 1.4 0.92 0.95 1.4 1 16 150 1.4 256 0.1 0 1 5.5 4 4 6 38 0.45 0.9 1 1.1 0.5 0.55 0.55 0.65 0.6 0.6 0.1 0.1 0.1 1 1.95 1 1 0 0.2 0.3 0.4 1 0.8 0.25 0.14 0.7 1 5 0.67 0.51 1 0 0 0.7 0.89 1.26 1 1 1 0 0.45 0.45 0.45 1 18 0 0 0 0 0 0 0 0 0 0 0 0 0 0 0 1 1 1.4 0.6 1.1 1 1 1 2 1 2
//9AM
 120 133 146 112 120 133 0 0 0 0 0 213 202 223 255 0 0 0 0 0 0 1 1 2750 340 0 0 0 0 0 0 10 11 12 196 0.24 0 0.7 1 0 0 0 0 0 0 1.1 1.4 0.93 0.95 1.4 1 16 150 1.4 256 0.1 0 1 6.5 5 4.5 6 38 0.19 1 1.1 1.2 0.5 0.5 0.55 0.5 0.6 0.65 0.1 0.1 0.1 1 0 0.1 1 0 0.45 0.45 0.45 0 0.8 0.75 0.14 0.7 1 9 0.05 0.51 1 0 0 0.7 0.89 1.26 1 1 1 0 0.45 0.45 0.45 0 18 0 0 0 0 0 0 0 0 0 0 0 0 0 0 0 1 1 1.4 0.6 1.1 1.25 1 1 2 1 2
//Midday
 129 138 148 119 125 136 0 0 0 0 0 213 202 223 255 0 0 0 0 0 0 1 1 2750 350 0 0 0 0 0 0 10 11 12 195 0.24 0 0.71 1 0 0 0 0 0 0 1.1 1.4 0.94 0.95 1.4 1 16 150 1.4 256 0.1 0 1 8 6.5 5 6 38 0.18 1.25 1.35 1.45 0.5 0.5 0.55 0.5 0.6 0.65 0.1 0.1 0.1 1 0 0.1 1 0 0.5 0.5 0.5 0.5 0.7 1 0.14 0.7 1 9 0.05 0.51 1 0 0 0.7 0.89 1.26 1 1 1 0 0.45 0.45 0.45 0 18 0 0 0 0 0 0 0 0 0 0 0 0 0 0 0 1 1 1.4 0.6 1.1 1.25 1 1 2 1 2
//6PM
 115 122 130 107 111 116 0 0 0 0 0 213 202 223 255 0 0 0 0 0 0 1 1 2750 330 0 0 0 0 0 0 10 11 12 197 0.24 0 0.68 1 0 0 0 0 0 0 1.1 1.4 0.91 0.95 1.4 1 16 150 1.4 256 0.1 0 1 4.5 3 4 6 38 0.2 0.8 0.9 1 0.5 0.5 0.55 0.55 0.6 0.65 0.1 0.1 0.1 1 1 0.1 1 0 0.4 0.4 0.4 0 2 0.7 0.14 0.7 1 9 0.05 0.51 1 0 0 0.7 0.89 1.26 1 1 1 0 0.45 0.45 0.45 0 18 0 0 0 0 0 0 0 0 0 0 0 0 0 0 0 1 1 1.4 0.6 1.1 1.25 1 1 2 1 2
//7PM
 107 112 116 99 101 103 0 0 0 0 0 213 202 223 255 0 0 0 0 0 0 1 1 2750 320 0 0 0 0 0 0 10 11 12 199 0.24 0 0.67 1 0 0 0 0 0 0 1.1 1.4 0.9 0.95 1.4 1 16 150 1.4 256 0.1 0 1 4 2.5 3 6 38 0.45 0.7 0.8 0.9 0.5 0.5 0.5 0.55 0.6 0.65 0.1 0.1 0.1 1 1.95 1 1 0 0.2 0.3 0.4 1 0.8 0.25 0.14 0.7 1 5 0.67 0.51 1 0 0 0.7 0.89 1.26 1 1 1 0 0.45 0.45 0.45 0 18 0 0 0 0 0 0 0 0 0 0 0 0 0 0 0 1 1 1.4 0.6 1.1 1 1 1 2 1 2
//8PM
 97 101 105 88 90 92 0 0 0 0 0 213 202 223 255 0 0 0 0 0 0 1 1 2750 310 0 0 0 0 0 0 10 11 12 201 0.24 0 0.66 1 0 0 0 0 0 0 1.1 1.4 0.89 0.95 1.4 1 16 150 1.4 256 0.1 0 1 3.3 1.4 0.8 6 38 0.54 0.65 0.75 0.85 1 1 1 1 1 1 0.1 0.1 0.1 1 0 0 1 0 0.1 0.2 0.3 0.8 0.74 0 0.14 0.7 0.5 5 0.67 0.69 1 0 0 0.7 1 1.26 1 1 1 0 0.45 0.45 0.45 0 18 0 0 0 0 0 0 0 0 0 0 0 0 0 0 0 1 1 1.4 0.6 1.1 1 1 1 2 1 2
//9PM
 86 89 92 78 80 82 0 0 0 0 0 213 202 223 255 0 0 0 0 0 0 1 1 2750 300 0 0 0 0 0 0 10 11 12 202 0.24 0 0.65 1 0 0 0 0 0 0 1.1 1.4 0.88 0.95 1.4 1 16 150 1.4 256 0.1 0 1 2.3 1.3 0.6 6 38 0.54 0.6 0.7 0.8 1 1 1 1 1 1 0.1 0.1 0.1 1 0 0 1 0 0.2 0.3 0.4 0.5 0.6 1 0.14 0.7 0.48 6 0.7 1 1 0 0 0 0.8 1 1 1 1 0 0.45 0.45 0.45 1 18 0 0 0 0 0 0 0 0 0 0 0 0 0 0 0 1 1 1.4 0.6 1.1 1 1 1 2 1 2
//10PM
 34 36 43 28 30 36 1 1 1 0 0 0 0 53 213 0 0 0 0 0 0 1 1 2750 1 0 0 0 0 0 0 0 0 0 235 0.24 0 0.895 1 0 0 0 0 0 0 1 1 0.985 0.95 1 1 16 150 1 256 0 0 0 2.1 2 0.06 0 43 0.94 0.05 0.22 0.42 0 1 1 1 0 0 1 1 1 2 4 0 1 1 1 1 1 1 1 0 0 0 0 0 0 0 0 0 0 1 1 1 1 1 1 1 0.1 0.1 0.1 1 18 0 0 0 0 0 0 0 0 0 0 0 0 0 0 0 1 1 1.4 0.95 1.35 1 1 1.5 1.15 1 2

///////// DRIZZLE
//Midnight
 44 29 20 44 29 20 1 1 1 0 0 0 191 77 0 0 0 0 0 0 0 1 1 2750 2 0 0 0 0 0 0 0 0 0 230 0.24 0 0.9 1 0 0 0 0 0 0 1.05 1 0.99 1 1 1 16 150 1 256 0 0 0 2.1 2 0.09 0 42 0.93 0.38 0.18 0.01 0 1 1 1 0 0 1 1 1 2 4 0 1 1 1 1 1 1 1 0 0 0 0 0 0 0 0 0 0 1 1 1 1 1 1 1 0.1 0.1 0.1 1 17 0 0 0 0 0 0 0 0 0 0 0 0 0 0 0 1 1 1.3 0.9 1.3 1 1 1 1.05 1 2
//5AM
 58 39 27 44 29 20 1 1 1 0 0 0 191 77 0 0 0 0 0 0 0 1 1 2750 2 0 0 0 0 0 0 0 0 0 230 0.24 0 0.91 1 0 0 0 0 0 0 1.05 1 0.98 1 1 1 16 150 1 256 0 0 0 2.3 2 0.09 0 42 0.93 0.38 0.18 0.01 0 1 1 1 0 0 1 1 1 2 4 0 1 1 1 1 1 1 1 0 0 0 0 0 0 0 0 0 0 1 1 1 1 1 1 1 0.1 0.1 0.1 1 17 0 0 0 0 0 0 0 0 0 0 0 0 00 0 0 1 1 1.3 0.9 1.3 1 1 1 1.05 1 2
//6AM
 126 119 107 113 109 100 0 0 0 0 0 213 239 233 218 0 0 0 0 0 0 1 1 2750 405 0 0 0 0 0 0 9 12 13 195 0.235 0 0.675 1 0 0 0 0 0 0 1.2 1.3 1 1.1 1.3 1 16 150 1.4 256 0.1 0 1 3.65 1.6 1.1 13 37 0.53 0.8 0.8 0.8 1 1 1 1 1 1 0.1 0.1 0.1 1 0 0 1 0 0.1 0.3 0.2 0 1 0 0.14 0.7 1 0 0 0.51 1 0 0 0.7 0.86 1.26 1 1 1 0 0.5 0.65 0.55 0 17 0 0 0 0 0 0 0 0 0 0 0 0 0 0 0 1 1 1.3 0.55 1.05 1 1 1 2 1 2
//7AM
 155 141 121 143 134 112 0 0 0 0 0 213 239 233 218 0 0 0 0 0 0 1 1 2750 425 0 0 0 0 0 0 9 12 13 193 0.235 0 0.7 1 0 0 0 0 0 0 1.2 1.3 0.93 1.1 1.3 1 16 150 1.4 256 0.1 0 1 5.5 4.5 4.5 15 37 0.35 1 1 1 0.6 0.5 0.5 0.65 0.6 0.5 0.1 0.1 0.1 1 1 0.4 1 0 0.2 0.4 0.3 0.2 0.65 0.28 0.14 0.7 1 5 0.55 0.51 1 0 0 0.12 0.89 1.26 1 1 1 0 0.5 0.63 0.55 1 17 0 0 0 0 0 0 0 0 0 0 0 0 0 0 0 1 1 1.3 0.55 1.05 1 1 1 2 1 2
//9AM
 157 147 130 146 138 120 0 0 0 0 0 213 239 233 218 0 0 0 0 0 0 1 1 2750 440 0 0 0 0 0 0 9 12 13 191 0.235 0 0.71 1 0 0 0 0 0 0 1.2 1.3 0.94 1.1 1.3 1 16 150 1.4 256 0.1 0 1 6.5 5.5 5 15 37 0.19 1.2 1.2 1.2 0.6 0.5 0.5 0.65 0.6 0.5 0.1 0.1 0.1 1 0 0.1 1 0 0.45 0.45 0.45 0 0.8 0.75 0.14 0.7 1 9 0.05 0.51 1 0 0 0.7 0.89 1.26 1 1 1 0 0.5 0.61 0.55 0 17 0 0 0 0 0 0 0 0 0 0 0 0 0 0 0 1 1 1.3 0.55 1.05 1.25 1 1 2 1 2
//Midday
 159 152 138 148 142 129 0 0 0 0 0 213 239 233 218 0 0 0 0 0 0 1 1 2750 450 0 0 0 0 0 0 9 12 13 190 0.235 0 0.72 1 0 0 0 0 0 0 1.2 1.3 0.95 1.1 1.3 1 16 150 1.4 256 0.1 0 1 8 7 5.5 15 37 0.18 1.45 1.45 1.45 0.6 0.5 0.5 0.65 0.6 0.5 0.1 0.1 0.1 1 0 0.1 1 0 0.5 0.5 0.5 0.2 0.2 1 0.14 0.7 1 5 0.15 0.51 1 0.2 0 0.7 0.89 1.26 1 1 1 0 0.5 0.6 0.55 0 17 0 0 0 0 0 0 0 0 0 0 0 0 0 0 0 1 1 1.3 0.55 1.05 1.25 1 1 2 1 2
//6PM
 148 137 118 141 133 114 0 0 0 0 0 213 239 233 218 0 0 0 0 0 0 1 1 2750 430 0 0 0 0 0 0 9 12 13 192 0.235 0 0.69 1 0 0 0 0 0 0 1.2 1.3 0.92 1.1 1.3 1 16 150 1.4 256 0.1 0 1 4.5 3.5 4.5 15 37 0.2 0.9 0.9 0.9 0.6 0.5 0.5 0.7 0.6 0.5 0.1 0.1 0.1 1 0 0.3 1 0 0.4 0.4 0.4 0 2 0.7 0.14 0.7 1 9 0.05 0.51 1 0 0 0.7 0.89 1.26 1 1 1 0 0.5 0.62 0.55 0 17 0 0 0 0 0 0 0 0 0 0 0 0 0 0 0 1 1 1.3 0.55 1.05 1.25 1 1 2 1 2
//7PM
 140 125 104 132 122 102 0 0 0 0 0 213 239 233 218 0 0 0 0 0 0 1 1 2750 420 0 0 0 0 0 0 9 12 13 194 0.235 0 0.68 1 0 0 0 0 0 0 1.2 1.3 0.91 1.1 1.3 1 16 150 1.4 256 0.1 0 1 4 3 3.5 15 37 0.35 0.8 0.8 0.8 0.6 0.6 0.5 0.7 0.6 0.5 0.1 0.1 0.1 1 1 0.5 1 0 0.2 0.4 0.3 0.2 0.65 0.28 0.14 0.7 1 5 0.55 0.51 1 0 0 0.12 0.89 1.26 1 1 1 0 0.5 0.64 0.55 1 17 0 0 0 0 0 0 0 0 0 0 0 0 0 0 0 1 1 1.3 0.55 1.05 1 1 1 2 1 2
//8PM
 121 115 102 107 104 95 0 0 0 0 0 213 239 233 218 0 0 0 0 0 0 1 1 2750 410 0 0 0 0 0 0 9 12 13 196 0.235 0 0.67 1 0 0 0 0 0 0 1.2 1.3 0.9 1.1 1.3 1 16 150 1.4 256 0.1 0 1 3.4 1.5 0.9 13 37 0.53 0.75 0.75 0.75 1 1 1 1 1 1 0.1 0.1 0.1 1 0 0 1 0 0.1 0.3 0.2 0 1 0 0.14 0.7 1 0 0 0.51 1 0 0 0.7 0.86 1.26 1 1 1 0 0.5 0.65 0.55 0 17 0 0 0 0 0 0 0 0 0 0 0 0 0 0 0 1 1 1.3 0.55 1.05 1 1 1 2 1 2
//9PM
 109 103 92 96 94 85 0 0 0 0 0 213 239 233 218 0 0 0 0 0 0 1 1 2750 400 0 0 0 0 0 0 9 12 13 197 0.235 0 0.66 1 0 0 0 0 0 0 1.2 1.3 0.89 1.1 1.3 1 16 150 1.4 256 0.1 0 1 2.4 1.4 0.7 13 0.52 0.53 0.7 0.7 0.7 1 1 1 1 1 1 0.1 0.1 0.1 1 0 0 1 0 0.2 0.4 0.3 0 1 0 0.14 0.7 1 0 0 0.51 1 0 0 0.7 0.86 1.26 1 1 1 0 0.5 0.66 0.55 0 17 0 0 0 0 0 0 0 0 0 0 0 0 0 0 0 1 1 1.3 0.55 1.05 1 1 1 2 1 2
//10PM
 51 34 23 44 29 20 1 1 1 0 0 0 191 77 0 0 0 0 0 0 0 1 1 2750 2 0 0 0 0 0 0 0 0 0 230 0.24 0 0.905 1 0 0 0 0 0 0 1.05 1 0.995 1 1 1 16 150 1 256 0 0 0 2.2 2 0.09 0 42 0.93 0.38 0.18 0.01 0 1 1 1 0 0 1 1 1 2 4 0 1 1 1 1 1 1 1 0 0 0 0 0 0 0 0 0 0 1 1 1 1 1 1 1 0.1 0.1 0.1 1 17 0 0 0 0 0 0 0 0 0 0 0 0 0 0 0 1 1 1.3 0.9 1.3 1 1 1 1.05 1 2

///////// FOGGY
//Midnight
 42 42 42 42 42 42 1 1 1 0 0 213 255 255 255 0 0 0 0 0 0 1 1 2650 15 0 0 0 0 0 0 0 0 0 225 0.24 0 1 1 0 0 0 0 0 0 1 1 1 1 1 1 16 150 1 256 0 0 0 2.6 2 0.08 0 46 0.55 0.3 0.3 0.3 1 1 0 2 1 0 0 0 0 1 2 0 1 1 1 1 1 1 1 1 0 0 0 0 0 0 0 0 0 1 1 1 1 1 1 1 0.1 0.1 0.1 1 14 0 0 0 0 0 0 0 0 0 0 0 0 0 0 0 0 1 1.2 1.35 1.75 1 1 1 2 1 2
//5AM
 53 53 53 42 42 42 1 1 1 0 0 213 255 255 255 0 0 0 0 0 0 1 1 2650 13 0 0 0 0 0 0 0 0 0 225 0.24 0 1 1 0 0 0 0 0 0 1 1 1 1 1 1 16 150 1 256 0 0 0 2.8 2 0.1 0 46 0.55 0.3 0.3 0.3 1 1 0 2 1 0 0 0 0 1 2 0 1 1 1 1 1 1 1 1 0 0 0 0 0 0 0 0 0 1 1 1 1 1 1 1 0.1 0.1 0.1 1 14 0 0 0 0 0 0 0 0 0 0 0 0 0 0 0 0 1 1.2 1.35 1.75 1 1 1 2 1 2
//6AM
 122 126 133 113 118 121 148 148 148 0 0 213 191 223 255 0 0 0 0 0 0 1 1 2650 25 0 0 0 0 0 0 10 10 10 190 0.23 0 0.685 1 0 0 0 0 0 0 1 2 1 0.9 1 1 16 150 1.4 256 0.1 0 0.55 3.6 1.4 1.3 14 41 0.65 0.8 0.8 0.8 1 1 1 1 1 1 0.1 0.1 0.1 1 0 0 1 0 0.2 0.2 0.2 0.8 0.74 0 0.14 0.7 0.5 5 0.67 0.69 1 0 0 0.7 1 1.26 1 1 1 0 0.35 0.45 0.6 0 14 0 0 0 0 0 0 0 0 0 0 0 0 0 0 0 1 1 1.2 1 1.5 1 1 0.9 2 1 2
//7AM
 136 147 162 126 141 150 191 191 191 0 0 213 191 223 255 0 0 0 0 0 0 1 1 2650 40 0 0 0 0 0 0 10 10 10 188 0.23 0 0.71 1 0 0 0 0 0 0 1 1 1 0.9 1 1 16 150 1.4 256 0.1 0 0.7 5 4 4.5 16 41 0.6 1 1 1 0.5 0.7 0.55 0.5 0.55 0.5 0.1 0.1 0.1 1 1.95 1 1 0 0.3 0.3 0.3 1 0.8 0 0.14 0.7 1 5 0.67 0.51 1 0 0 0.7 0.89 1.26 1 1 1 0 0.45 0.45 0.58 0 14 0 0 0 0 0 0 0 0 0 0 0 0 0 0 0 1 1 1.2 1 1.5 1 1 0.9 2 1 2
//9AM
 143 152 165 134 146 153 201 201 201 0 0 213 191 223 255 0 0 0 0 0 0 1 1 2650 50 0 0 0 0 0 0 10 10 10 186 0.23 0 0.72 1 0 0 0 0 0 0 1 1 1 0.9 1 1 16 150 1.4 256 0.1 0 0.9 5.5 4.5 5 16 41 0.475 1.125 1.125 1.125 0.5 0.7 0.55 0.5 0.55 0.5 0.1 0.1 0.1 1 1.95 0.3 1 0 0.45 0.45 0.45 0.5 0.7 0 0.14 0.7 1 5 0.67 0.51 1 0 0 0.7 0.89 1.26 1 1 1 0 0.35 0.45 0.56 0 14 0 0 0 0 0 0 0 0 0 0 0 0 0 0 0 1 1 1.2 1 1.5 1 1 0.9 2 1 2
//Midday
 152 158 167 142 150 155 223 223 223 0 0 213 213 234 255 0 0 0 0 0 0 1 1 2650 55 0 0 0 0 0 0 10 10 10 185 0.23 0 0.73 1 0 0 0 0 0 0 1 1 1 0.9 1 1 16 150 1.4 256 0.1 0 1 6.5 5.5 4.5 16 41 0.45 1.375 1.375 1.375 0.5 0.5 0.55 0.5 0.5 0.55 0.1 0.1 0.1 1 1.95 0.3 1 0 0.5 0.5 0.5 0.5 0.7 0 0.14 0.7 1 5 0.67 0.51 1 0 0 0.7 0.89 1.26 1 1 1 0 0.35 0.45 0.55 1 14 0 0 0 0 0 0 0 0 0 0 0 0 0 0 0 1 1 1.2 1 1.5 1 1 0.9 2 1 2
//6PM
 136 142 151 128 134 138 180 180 180 0 0 213 191 223 255 0 0 0 0 0 0 1 1 2650 45 0 0 0 0 0 0 10 10 10 187 0.23 0 0.7 1 0 0 0 0 0 0 1 1 1 0.9 1 1 16 150 1.4 256 0.1 0 0.8 4 3.5 4.5 16 41 0.5 0.9 0.9 0.9 0.55 0.5 0.55 0.7 0.5 0.5 0.1 0.1 0.1 1 1.95 0.3 1 0 0.4 0.4 0.4 1 0.8 0 0.14 0.7 1 5 0.67 0.51 1 0 0 0.7 0.89 1.26 1 1 1 0 0.38 0.45 0.57 0 14 0 0 0 0 0 0 0 0 0 0 0 0 0 0 0 1 1 1.2 1 1.5 1 1 0.9 2 1 2
//7PM
 128 132 138 118 123 126 159 159 159 0 0 213 191 223 255 0 0 0 0 0 0 1 1 2650 35 0 0 0 0 0 0 10 10 10 189 0.23 0 0.69 1 0 0 0 0 0 0 1 1 1 0.9 1 1 16 150 1.4 256 0.1 0 0.6 3.5 2.5 3.5 16 41 0.6 0.8 0.8 0.8 0.55 0.5 0.55 0.7 0.5 0.5 0.1 0.1 0.1 1 1.95 1 1 0 0.3 0.3 0.3 1 0.8 0 0.14 0.7 1 5 0.67 0.51 1 0 0 0.7 0.89 1.26 1 1 1 0 0.5 0.45 0.59 0 14 0 0 0 0 0 0 0 0 0 0 0 0 0 0 0 1 1 1.2 1 1.5 1 1 0.9 2 1 2
//8PM
 118 121 126 109 112 114 138 138 138 0 0 213 191 223 255 0 0 0 0 0 0 1 1 2650 30 0 0 0 0 0 0 10 10 10 191 0.23 0 0.68 1 0 0 0 0 0 0 1 1.4 1 0.9 1 1 16 150 1.4 256 0.1 0 0.5 3.35 1.3 1.1 14 41 0.65 0.75 0.75 0.75 1 1 1 1 1 1 0.1 0.1 0.1 1 0 0 1 0 0.2 0.2 0.2 0.8 0.74 0 0.14 0.7 0.5 5 0.67 0.69 1 0 0 0.7 1 1.26 1 1 1 0 0.35 0.45 0.6 0 14 0 0 0 0 0 0 0 0 0 0 0 0 0 0 0 1 1 1.2 1 1.5 1 1 0.9 2 1 2
//9PM
 107 111 116 98 102 104 116 116 116 0 0 213 191 223 255 0 0 0 0 0 0 1 1 2650 20 0 0 0 0 0 0 10 10 10 192 0.23 0 0.67 1 0 0 0 0 0 0 1 1.4 1 0.9 1 1 16 150 1.4 256 0.1 0 0.4 2.35 1.2 0.9 14 41 0.7 0.7 0.7 0.7 1 1 1 1 1 1 0.1 0.1 0.1 1 0 0 1 0 0.3 0.3 0.3 0.5 0.6 1 0.14 0.7 0.48 6 0.7 1 1 0 0 0 0.8 1 1 1 1 0 0.35 0.45 0.61 1 14 0 0 0 0 0 0 0 0 0 0 0 0 0 0 0 1 1 1.2 1 1.5 1 1 0.9 2 1 2
//10PM
 47 47 47 42 42 42 1 1 1 0 0 213 255 255 255 0 0 0 0 0 0 1 1 2650 14 0 0 0 0 0 0 0 0 0 225 0.24 0 1 1 0 0 0 0 0 0 1 1 1 1 1 1 16 150 1 256 0 0 0 2.7 2 0.09 0 46 0.55 0.3 0.3 0.3 1 1 0 2 1 0 0 0 0 1 2 0 1 1 1 1 1 1 1 1 0 0 0 0 0 0 0 0 0 1 1 1 1 1 1 1 0.1 0.1 0.1 1 14 0 0 0 0 0 0 0 0 0 0 0 0 0 0 0 0 1 1.2 1.35 1.75 1 1 1 2 1 2

///////// LIGHTNING
//Midnight
 33 32 31 33 32 31 1 1 1 0 0 0 0 0 234 0 0 0 0 0 0 1 1 2700 0.1 0 0 0 0 0 0 0 0 0 240 0.24 0 0.88 1 0 0 0 0 0 0 0.9 1 0.97 0.85 1 1 16 150 1 256 0 0 0 1.7 2 0.16 0 45 0.95 0.15 0.15 0.15 1 1 1 1 0 0 1 1 1 2 4 0 1 1 1 1 1 2 2 1 0 0 0 0 0 0 0 0 0 1 1 1 1 1 1 1 0.1 0.1 0.1 1 19 0 0 0 0 0 0 0 0 0 0 0 0 0 0 0 1 1 1.5 1 1.4 1 1 1.5 1.25 1 2
//5AM
 45 44 43 33 32 31 1 1 1 0 0 0 0 0 234 0 0 0 0 0 0 1 1 2700 0.1 0 0 0 0 0 0 0 0 0 240 0.24 0 0.89 1 0 0 0 0 0 0 0.9 1 0.98 0.85 1 1 16 150 1 256 0 0 0 1.9 2 0.16 0 45 0.95 0.1 0.1 0.1 1 1 1 1 0 0 1 1 1 2 4 0 1 1 1 1 1 2 2 1 0 0 0 0 0 0 0 0 0 1 1 1 1 1 1 1 0.1 0.1 0.1 1 19 0 0 0 0 0 0 0 0 0 0 0 0 0 0 0 1 1 1.5 1 1.4 1 1 1.5 1.25 1 2
//6AM
 94 95 98 83 85 87 0 0 0 0 0 213 208 211 227 0 0 0 0 0 0 1 1 2700 105 0 0 0 0 0 0 9 13 12 205 0.245 0 0.645 1 0 0 0 0 0 0 0.95 1 0.885 0.85 1 1 16 150 1.4 256 0.1 0 1 2.75 1.3 0.8 2 40 0.55 0.8 0.8 0.8 1 1 1 1 1 1 0.1 0.1 0.1 1 0 0 1 0 0.1 0.1 0.1 0.8 0.74 0 0.14 0.7 0.5 5 0.67 0.69 1 0 0 0.7 1 1.26 1 1 1 0 0.2 0.2 0.2 0 19 0 0 0 0 0 0 0 0 0 0 0 0 0 0 0 1 1 1.5 0.65 1.15 1 1 1 2 1 2
//7AM
 115 116 119 104 106 108 0 0 0 0 0 213 208 211 227 0 0 0 0 0 0 1 1 2700 125 0 0 0 0 0 0 9 13 12 203 0.245 0 0.67 1 0 0 0 0 0 0 0.95 1 0.91 0.85 1 1 16 150 1.4 256 0.1 0 1 4 3 0.9 4 40 0.5 1 1 1 0.5 0.55 0.55 0.55 0.55 0.5 0.1 0.1 0.1 1 1 0.5 1 0 0.2 0.2 0.2 1 0.8 0.25 0.14 0.7 1 5 0.67 0.51 1 0 0 0.7 0.89 1.26 1 1 1 0 0.2 0.2 0.2 0 19 0 0 0 0 0 0 0 0 0 0 0 0 0 0 0 1 1 1.5 0.65 1.15 1 1 1 2 1 2
//9AM
 120 121 124 111 113 115 0 0 0 0 0 213 208 211 227 0 0 0 0 0 0 1 1 2700 140 0 0 0 0 0 0 9 13 12 201 0.245 0 0.68 1 0 0 0 0 0 0 0.95 1.4 0.92 0.85 1.4 1 16 150 1.4 256 0.1 0 1 4.5 3.5 1 4 40 0.35 1 1 1 0.5 0.5 0.6 0.55 0.6 0.5 0.1 0.1 0.1 0 0.3 0.1 1 0 0.35 0.35 0.35 0.8 0.7 0.65 0.14 0.7 1 9 0.05 0.51 1 0 0 0.7 0.89 1.26 1 1 1 0 0.2 0.2 0.2 8 19 0 0 0 0 0 0 0 0 0 0 0 1000 0 0 1 1 1.5 1.5 0.65 1.15 1 0.725 1 1 1 2
//Midday
 125 126 130 115 117 119 0 0 0 0 0 213 208 211 227 0 0 0 0 0 0 1 1 2700 150 0 0 0 0 0 0 9 13 12 200 0.245 0 0.69 1 0 0 0 0 0 0 0.95 1.4 0.93 0.85 1.4 1 16 150 1.4 256 0.1 0 1 5 4 1.1 4 40 0.34 1.25 1.25 1.25 0.5 0.55 0.55 0.55 0.6 0.5 0.1 0.1 0.1 0 0 0.1 1 0 0.4 0.4 0.4 0.5 0.7 0.9 0.14 0.7 1 9 0.05 0.51 1 0 0 0.7 0.89 1.26 1 1 1 0 0.2 0.2 0.2 0 19 0 0 0 0 0 0 0 0 0 0 0 0 0 0 0 1 1 1.5 0.65 1.15 1.25 1 1 2 1 2
//6PM
 111 112 115 100 102 104 0 0 0 0 0 213 208 211 227 0 0 0 0 0 0 1 1 2700 130 0 0 0 0 0 0 9 13 12 202 0.245 0 0.66 1 0 0 0 0 0 0 0.95 1.4 0.9 0.85 1.4 1 16 150 1.4 256 0.1 0 1 3.5 2.5 0.8 4 40 0.36 0.9 0.9 0.9 0.5 0.5 0.6 0.6 0.6 0.5 0.1 0.1 0.1 1 0 0.1 1 0 0.3 0.3 0.3 0 2 0.6 0.14 0.7 1 9 0.05 0.51 1 0 0 0.7 0.89 1.26 1 1 1 0 0.2 0.2 0.2 0 19 0 0 0 0 0 0 0 0 0 0 0 0 0 0 0 1 1 1.5 0.65 1.15 1.25 1 1 2 1 2
//7PM
 99 100 103 88 90 92 0 0 0 0 0 213 208 211 227 0 0 0 0 0 0 1 1 2700 120 0 0 0 0 0 0 9 13 12 204 0.245 0 0.65 1 0 0 0 0 0 0 0.95 1 0.89 0.85 1 1 16 150 1.4 256 0.1 0 1 3 2 0.7 4 40 0.5 0.8 0.8 0.8 0.5 0.55 0.55 0.6 0.6 0.5 0.1 0.1 0.1 1 1 0.5 1 0 0.2 0.2 0.2 1 0.8 0.25 0.14 0.7 1 5 0.67 0.51 1 0 0 0.7 0.89 1.26 1 1 1 0 0.2 0.2 0.2 0 19 0 0 0 0 0 0 0 0 0 0 0 0 0 0 0 1 1 1.5 0.65 1.15 1 1 1 2 1 2
//8PM
 88 89 92 78 80 82 0 0 0 0 0 213 208 211 227 0 0 0 0 0 0 1 1 2700 110 0 0 0 0 0 0 9 13 12 206 0.245 0 0.64 1 0 0 0 0 0 0 0.95 1 0.88 0.85 1 1 16 150 1.4 256 0.1 0 1 2.5 1.2 0.6 2 40 0.55 0.75 0.75 0.75 1 1 1 1 1 1 0.1 0.1 0.1 1 0 0 1 0 0.1 0.1 0.1 0.8 0.74 0 0.14 0.7 0.5 5 0.67 0.69 1 0 0 0.7 1 1.26 1 1 1 0 0.2 0.2 0.2 0 19 0 0 0 0 0 0 0 0 0 0 0 0 0 0 0 1 1 1.5 0.65 1.15 1 1 1 2 1 2
//9PM
 78 79 82 67 69 71 0 0 0 0 0 213 208 211 227 0 0 0 0 0 0 1 1 2700 100 0 0 0 0 0 0 9 13 12 207 0.245 0 0.63 1 0 0 0 0 0 0 0.95 1 0.87 0.85 1 1 16 150 1.4 256 0.1 7 1 2 1.1 0.4 2 40 0.55 0.7 0.7 0.7 1 1 1 1 1 1 0.1 0.1 0.1 1 0 0 1 0 0.1 0.1 0.1 0.5 0.6 1 0.14 0.7 0.48 6 0.7 1 1 0 0 0 0.8 1 1 1 1 0 0.2 0.2 0.2 1 19 0 0 0 0 0 0 0 0 0 0 0 0 0 0 0 1 1 1.5 0.65 1.15 1 1 1 2 1 2
//10PM
 38 37 36 33 32 31 1 1 1 0 0 0 0 0 234 0 0 0 0 0 0 1 1 2700 0.1 0 0 0 0 0 0 0 0 0 240 0.24 0 0.885 1 0 0 0 0 0 0 0.9 1 0.975 0.85 1 1 16 150 1 256 0 0 0 1.8 2 0.16 0 45 0.95 0.1 0.1 0.1 1 1 1 1 0 0 1 1 1 2 4 0 1 1 1 1 1 2 2 1 0 0 0 0 0 0 0 0 0 1 1 1 1 1 1 1 0.1 0.1 0.1 1 19 0 0 0 0 0 0 0 0 0 0 0 0 0 0 0 1 1 1.5 1 1.4 1 1 1.5 1.25 1 2

///////// TEMP
//Midnight
 41 30 22 41 31 22 1 1 1 0 0 0 149 67 0 0 0 0 0 0 0 1 1 2750 8 0 0 0 0 0 0 0 0 0 200 0.24 0 0.92 1 0 0 0 0 0 0 1.1 1 1 1.1 1 1 16 150 1 256 0 0 0 1.1 2 0.11 0 41 0.52 0.4 0.22 0.05 0 1 1 1 0 0 1 1 1 2 4 0 1 1 1 1 1 1 1 0 0 0 0 0 0 0 0 90 90 1 1 1 1 1 1 1 0.1 0.1 0.1 1 0 0 0 0 0 0 0 0 0 0 0 0 0 0 0 0 1 1 1 0.85 1 1 1 1 1 1 2
//5AM
 55 41 30 41 31 22 1 1 1 0 0 0 149 67 0 0 0 0 0 0 0 1 1 2750 8 0 0 0 0 0 0 0 0 0 200 0.24 0 0.93 1 0 0 0 0 0 0 1.1 1 1 1.1 1 1 16 150 1 256 0 0 0 2.3 2 0.13 0 41 0.52 0.05 0.22 0.39 0 1 1 1 0 0 0 0 0 2 4 0 1 1 0 0 0 0 0 0 0 0 0 0 0 0 0 90 90 0 0 0 0 0 0 1 0.1 0.1 0.1 1 0 0 0 0 0 0 0 0 0 0 0 0 0 0 0 0 1 1 1 0.85 1 1 1 1 1 1 2
//6AM
 100 124 166 139 80 20 149 85 21 0 0 0 0 53 213 0 0 0 0 0 0 1 1 2750 8 0 0 0 0 0 0 0 0 0 165 0.24 0 0.855 1 0 0 0 0 0 0 1.19 1 1 1.19 1 1 16 150 1.4 256 0.1 0 2.02 3.75 2 2.1 16 36 0.5 0.42 0.63 0.87 1 1 1 1 1 1 0 0 0 1 0 0 1 1 1 1 1 1 1 1 0 0 0 0 0 10 0 90 90 0 0.8 1 1 1 1 0 1.2 1 0.7 0 0 0 0 0 0 0 0 0 0 0 0 1 0 0 0 0 1 1 1 0.6 1 1 1 0.8 2 1 2
//7AM
 119 142 179 255 217 128 255 207 149 0 0 0 63 31 10 0 0 0 0 0 0 1 1 2750 8 0 0 0 0 0 0 0 0 0 163 0.24 0 0.88 1 0 0 0 0 0 0 1.22 1 1 1.22 1 1 16 150 1.4 256 0.1 0 10 5 6 8 100 36 0.5 0.43 0.63 0.86 0.875 0.925 0.45 0.875 0.925 0.45 0 0 0 1 1.7 1.1 1 0 0 0 0 0 0 1.1 0.2 0.6 0.7 8 0.7 0.5 1 90 90 0.12 0.89 1.27 1 1 1 0 1 0.9 0.55 0 0 0 0 0 0 0 0 0 0 0 0 1 0 0 0 0 1 1 1 0.6 1 1 1 0.8 2 1 2
//9AM
 140 159 189 255 205 149 255 217 170 0 0 0 10 24 63 0 0 0 0 0 0 1 1 2750 8 0 0 0 0 0 0 0 0 0 161 0.25 0 0.89 1 0 0 0 0 0 0 1.21 1 1 1.21 1 1 16 150 1.4 256 0.1 0 12 7 7 9 100 36 0.5 0.4 0.64 0.89 0.8 0.92 0.75 0.8 0.92 0.75 0 0 0 1 1.9 0.35 1 0 0 0 0 0 0 1.1 0.2 0.6 0.7 8 0.7 0.5 1 90 90 0.12 0.89 1.27 1 1 1 0 0.85 0.75 0.65 0 0 0 0 0 0 0 0 0 0 0 0 1 0 0 0 0 1 1 1 0.6 1 1 1 0.8 2 1 2
//Midday
 148 166 192 255 220 181 255 232 204 0 0 0 58 88 175 0 0 0 0 0 0 1 1 2750 8 0 0 0 0 0 0 0 0 0 160 0.25 0 0.9 1 0 0 0 0 0 0 1.2 1 1 1.2 1 1 16 150 1.4 256 0.1 0 12.5 8 8 10 100 36 0.5 0.4 0.63 0.89 0.85 0.9 0.8 0.85 0.9 0.8 0 0 0 1 2 0.15 1 0 0 0 0 0 0 1.1 0.2 0.6 0.7 8 0.7 0.5 1 90 90 0.12 0.89 1.27 1 1 1 0 0.85 0.75 0.65 0 0 0 0 0 0 0 0 0 0 0 0 1 0 0 0 0 1 1 1 0.6 1 1 1 0.8 2 1 2
//6PM
 129 149 180 255 186 117 255 197 138 0 0 0 23 31 49 0 0 0 0 0 0 1 1 2750 8 0 0 0 0 0 0 0 0 0 162 0.24 0 0.87 1 0 0 0 0 0 0 1.23 1 1 1.23 1 1 16 150 1.4 256 0.1 0 11 6 5 7.5 100 36 0.4 0.42 0.63 0.87 0.85 0.93 0.5 0.85 0.93 0.5 0 0 0 1 1.8 0.8 1 0 0 0 0 0 0 1.1 0.2 0.6 0.7 8 0.7 0.5 1 90 90 0.12 0.89 1.27 1 1 1 0 0.9 0.8 0.6 0 0 0 0 0 0 0 0 0 0 0 0 1 0 0 0 0 1 1 1 0.6 1 1 1 0.8 2 1 2
//7PM
 103 125 163 170 77 0 255 177 106 0 0 0 49 30 23 0 0 0 0 0 0 1 1 2750 8 0 0 0 0 0 0 0 0 0 164 0.24 0 0.86 1 0 0 0 0 0 0 1.24 1 1 1.24 1 1 16 150 1.4 256 0.1 0 9 4 4 6 100 36 0.4 0.44 0.63 0.85 0.9 0.94 0.4 0.9 0.94 0.4 0 0 0 1 1.6 1.4 1 0 0 0 0 0 0 1.1 0.2 0.6 0.7 8 0.7 0.5 1 90 90 0.12 0.89 1.27 1 1 1 0 1 0.9 0.4 0 0 0 0 0 0 0 0 0 0 0 0 1 0 0 0 0 1 1 1 0.6 1 1 1 0.8 2 1 2
//8PM
 84 113 160 131 71 18 139 77 20 0 0 0 4 50 187 0 0 0 0 0 0 1 1 2750 8 0 0 0 0 0 0 0 0 0 166 0.24 0 0.85 1 0 0 0 0 0 0 1.18 1 1 1.18 1 1 16 150 1.4 256 0.1 0 1.92 3.25 1.9 1.6 16 36 0.5 0.43 0.63 0.86 1 1 1 1 1 1 0 0 0 1 0 0 1 1 0 0 0 0 0 1 0 0 0 0 0 1 1 90 90 0 0.8 0 1 1 1 0 1.25 1 0.7 1 0 0 0 0 0 0 0 0 0 0 0 1 0 0 0 0 1 1 1 1 1 1 1 0.8 1 1 2
//9PM
 58 83 122 121 64 17 0 0 0 0 0 0 7 47 163 0 0 0 0 0 0 1 1 2750 8 0 0 0 0 0 0 0 0 0 167 0.24 0 0.84 1 0 0 0 0 0 0 1.17 1 1 1.17 1 1 16 150 1.4 256 0.1 0 1 2.25 1.8 1.1 16 36 0.5 0.41 0.63 0.88 1 1 1 1 1 1 0 0 0 1 0 0 1 0 0 0 0 0 0 1 1 1 1 0 0 10 1 90 90 0 0 0 1 1 1 0 1.3 1 0.6 0 0 0 0 0 0 0 0 0 0 0 0 1 0 0 0 0 1 1 1 1 1 1 1 0.8 2 1 2
//10PM
 49 36 26 41 31 22 1 1 1 0 0 0 149 67 0 0 0 0 0 0 0 1 1 2750 8 0 0 0 0 0 0 0 0 0 200 0.24 0 0.925 1 0 0 0 0 0 0 1.1 1 1 1.1 1 1 16 150 1 256 0 0 0 1.2 2 0.12 0 41 0.52 0.46 0.28 0.1 0 1 1 1 0 0 1 1 1 2 4 0 1 1 1 1 1 1 1 0 0 0 0 0 0 0 0 90 90 1 1 1 1 1 1 1 0.1 0.1 0.1 1 0 0 0 0 0 0 0 0 0 0 0 0 0 0 0 0 1 1 1 0.85 1 1 1 1 1 1 2
